00000000000000000000000000000000000000000000000000000000000000000000000000000000 
00000000000000000000000000000000000000000000000000000000000000000000000000000000 
00000000000000000000000000000000000000000000000000000000000000000000000000000000 
00000000000000000000000000000000000000000000000000000000000000000000010000000000 
00000000000000000000000000000000000000000000000000000000000000000001000100000000 
00000000000000000000000000000000000000000000000000000000000000000010000000000000 
00000000000000000000000000000000000000000000000000000000000000000010000100000000 
00000000000000000000000000000000000000000000000000000000000000000011111000000000 
00000000000000000000000000000000000000000000000000000000000000000000000000000000 
00000000000000000000000000000000000000000000000000000000000000000000000000000000 
00000000000000000000000000000000000000000000000000000000000000000000000000000000 
00000000000000000000000000000000000000000000000000000000000000000001100000000000 
00000000000000000000000000000000000000000000000000000000000000000011011100000000 
00000000000000000000000000000000000000000000000000000000000000000001111000000000 
00000000000000000000000000000000000000000000000000000000000000000000110000000000 
00000000000000000000000000000000000000000000000000000000000000000000000000000000 
00000000000000000000000000000000000000000000000000000000000000000000000110000000 
00000000000000000000000000000000000000000000000000000000000000000000010000100000 
00000000000000000000000000000000000000000000000000000000000000000000100000000000 
00000000000000000000000000000000000000000000000000000000000000000000100000100000 
00000000000000000000000000000000000000000000000000000000000000000000111111000000 
00000000000000000000000000000000000000000000000000000000000000000000000000000000 
00000000000000000000000000000000000000000000000000000000000000000000000000000000 
00000000000000000000000000000000000000000000000000000000000000000000000000000000 
00000000000000000000000000000000000000000000000000000000000000000000000000000000