00000000000000000000000000000000000000000000000000000000000000000000000000000000 
00000000000000000000000000000000000000000000000000000000000000000000000000000000 
00000000000000000000000000000000000000000000000000000000000000000000000000000000 
00000000000000000000000000000000000000000000000000000000000000000000000000000000 
00000000000000000000000000000000000000000000000000000000000000000000000000000000 
00000000000000000000000000000000000000000000000000000000000000000000000000000000 
00000000000000000000000000000000000000000000000000000000000000000000000000000000 
00000000000000000000000000000000000000000000000000000000000000000000000000000000 
00000000000000000000000000000000000000000000000000000000000000000000000000000000 
00000000000000000000000000000011111000000000000000000000000000000000000000000000 
00000000000000000000000000000100001000000000000000000000000000000000000000000000 
00000000000000000000000000000000001000000000000000000000000000000000000000000000 
00000000000000000000000000000100010000000000000000000000000000000000000000000000 
00000000000000000000000000000001000000000000000000000000000000000000000000000000 
00000000000000000000000000000000000000000000000000000000000000000000000000000000 
00000000000000000000000000000000000000000000000000000000000000000000000000000000 
00000000000000000000000000000000000000000000000000000000000000000000000000000000 
00000000000000000000000000000000000000000000000000000000000000000000000000000000 
00000000000000000000000000000000000000000000000000000000000000000000000000000000 
00000000000000000000000000000000000000000000000000000000000000000000000000000000 
00000000000000000000000000000000000000000000000000000000000000000000000000000000 
00000000000000000000000000000000000000000000000000000000000000000000000000000000 
00000000000000000000000000000000000000000000000000000000000000000000000000000000 
00000000000000000000000000000000000000000000000000000000000000000000000000000000 
00000000000000000000000000000000000000000000000000000000000000000000000000000000